Template: NONE
RumbleIntensity: 1
Clouds: 0.3062363
Grime: 0.305122
Palette: 35
EffectColorA: 11
EffectColorB: 12
Effects: Fog-0.5011142-20-20, 
PlacedObjects: CustomDecal><1692.638><148.7214><-17.92871~338.8126~302.1013~347.35~363.5712~-17.07499~-131.4775~-68.29999~0.157758~1~0~ScavMark BigSun~0.5~0.3062359~0.5~0.3062359~0.5~0.3062359~0.5~0.3062359, CustomDecal><317.2221><337.3817><-10.245~376.3775~116.8375~393.4525~150.1337~-0.8537292~-436.2663~51.22498~0~0.4617661~0~Scav Wedges3(vert)~0.5~0~0.5~0~0.5~0~0.5~0, CustomDecal><3552.14><294.0711><-19.63629~101.47~512.9774~114.2762~529.1986~-38.41875~-451.6338~173.3112~0.1391986~1~0~Scav Wedges~0.5~1~0.5~1~0.5~1~0.5~1, LanternOnStick><3530.648><551.5372><23.05121~-52.82129, NoSpearStickZone><-102.7862><635.8984><275.7613~140.98, CustomDecal><625.886><293.1464><1.707581~369.5475~130.4975~372.9625~147.5724~0~-718.0037~73.42252~0~0.4432074~0~Scav Wedges3(vert)~0.5~0~0.5~0~0.5~0~0.5~0, CustomDecal><945.6012><340.7163><-17.07507~266.2438~124.5212~311.4926~127.9364~1.707489~-764.96~-151.9675~0~0.4524861~0~Scav Wedges3(vert)~0.5~0~0.5~0~0.5~0~0.5~0, CustomDecal><2585.852><339.7133><-6.830017~314.0537~137.3275~312.3464~161.2325~3.051758E-05~-722.2726~-63.17749~0~0.4339265~0~Scav Wedges3(vert)~0.5~0.1484783~0.5~0.1484783~0.5~0.1484783~0.5~0.1484783, CustomDecal><1336.98><487.8365><-5.122498~75.85751~159.5249~74.15005~157.8175~-10.24503~-419.1913~-40.12628~0~1~0~Rust1~0.7680027~1~0.7680027~1~0.7680027~1~0.7680027~1, CustomDecal><1345.998><509.8915><4.268799~47.68372~133.0587~39.14627~125.375~-12.80624~-365.4049~-312.4725~0~1~0~ScavMark WingedOrb~0.5~1~0.5~1~0.5~1~0.5~1, PlacedPearlChain><1332.651><334.1559><-137.4537~196.3625~2~3~0, PlacedPearlChain><1487.677><350.1247><-82.81372~105.0113~2~3~0, CustomDecal><3183.037><151.4341><-96.47382~237.2162~72.44247~286.7338~145.0113~61.46998~-224.5362~256.9788~0~0.3040082~0~ScavMark Stonehead3~0.5~0.1948773~0.5~0.1948773~0.5~0.1948773~0.5~0.1948773, CustomDecal><2923.902><304.3004><-35.85742~254.2913~124.5212~264.5363~127.9364~2.561264~-903.2675~-100.7426~0~1~0~Scav Wedges3(vert)~0.5~0.1855976~0.5~0.1855976~0.5~0.1855976~0.5~0.1855976, CustomDecal><3470.544><244.0208><-6.830017~66.46625~522.3688~72.4425~524.0763~5.122498~-326.1324~-120.3787~0~0.09985053~0~Scav Wedges2~0.5~0.9743885~0.5~0.9743885~0.5~0.9743885~0.5~0.9743885, ScavengerTreasury><3591.783><448.2863><90.4975~181.1061, 
AmbientSounds: OMNI><AM_ENV-LightWind.ogg><80.80847><498.5925><0.5><1, OMNI><AM_ENV-Outside.ogg><82.80383><419.0524><0.5><1, SPOT><SO_IND-HeatDuct.ogg><273.7041><496.3215><0.3994671><1><1850.826><306.5446><-73.06268><-74.48555><0><0.1, OMNI><AM_IND-Utility01.ogg><82.73207><340.6103><0.4072013><1, SPOT><AM_ENV-WallHum.ogg><732.0127><280.272><0.5><1><4023.006><364.2522><-85.15735><-48.16161><0><0.3629296, 
FadePalette: 11, 0.25, 0.25, 0.25, 0.25
