Clouds: 0.2377969
Palette: 20
EffectColorA: 18
EffectColorB: 18
Effects: LightBurn-0.185598-20-20, FireFlies-0.3073963-249.8406-118.043, 
PlacedObjects: LightBeam><1868.018><470.4525><-245.9868~383.6344~-167.5679~388.9703~66.67969~14.40698~-536.2618~14.94058~0.4463999~0~0~1~None~0~0, LightSource><1894.408><476.1666><0.2576095~Environment~0~100~50~86.60254~1~1~None~0~0, CustomDecal><1556.886><412.0455><-4.802368~319.0695~189.4061~329.7415~179.268~-3.20166~-359.1086~-177.6866~0.3131952~1~1~actual vertical pink~0.6043981~0.01739999~0.6043981~0.01739999~0.6043981~0.01739999~0.6043981~0.01739999, CustomDecal><417.6405><427.2014><10.13834~230.493~524.5031~313.1999~538.91~-72.0351~-291.8757~-289.7415~0.6495925~1~1~chaoticb&w~0.4710003~0.02319966~0.3144024~0.02319966~0.4710003~0.02319966~0.4710003~0.02319966, CustomDecal><892.631><240.3431><57.09456~440.1954~685.6483~472.2111~821.1812~64.03128~575.7476~-74.70306~0.6495925~1~1~squidsoup~0.540599~0.1044~0.5115994~0.05220032~0.5985983~0.08119931~0.3260014~0.05799932, CustomDecal><1842.571><395.9754><-77.9047~265.7101~440.7289~300.3938~398.575~19.20944~487.7047~0.5334625~0.6495919~1~1~whitejunkarrows~0~0.1681983~0.6681989~0~0.2912027~0.1159986~0.482601~0.1565976, CustomDecal><2316.406><384.5144><-104.5843~397.5079~287.5876~398.575~177.6673~20.27646~-39.48596~-376.1836~0.3131959~0.4490065~0~wormguts~0.4954051~0.2261976~1~0.1159986~0.8550017~0.2029976~0.8492014~0.1333983, CustomDecal><3842.74><268.0239><-61.36322~557.5859~218.7542~538.377~165.9282~3.201477~194.2282~-13.33984~0.3247963~0.6520041~1~verticalmess~0.3666017~0.1391986~0.581199~0.04060032~0.7667966~0.04639966~0.6333983~0.08119931, CustomDecal><7702.69><324.43><6.936768~347.8835~701.1228~372.429~763.553~-36.28435~-338.2984~97.11401~0.6437668~1~0.3537956~wetwhite~0.5637993~0.1507986~0.3144024~0.2783969~0.4710003~0.08699898~0.3202024~0.2551976, CustomDecal><6162.296><266.8242><-18.67572~458.3374~708.0594~507.9618~769.9562~-147.2718~-275.8679~27.7469~0.6437668~1~0.3537956~hugeshiny~0.5637993~0.1507986~0.3144024~0.2783969~0.4710003~0.08699898~0.3202024~0.2551976, CustomDecal><5698.441><489.8563><-26.14603~272.1132~482.8828~219.2876~405.5116~7.470398~188.3586~-253.9907~0.6437668~1~0.5045942~rabbit~0.4246534~0.1913976~0.3782548~0.1681976~0.6043987~0.3305963~0.2332034~0.05219899, CustomDecal><5499.94><232.6641><-8.537445~155.7898~545.8469~261.4415~573.06~46.9563~567.2102~-116.857~0.6437668~1~0.5045942~jellyfish~0.4246534~0.1913976~0.3782548~0.1681976~0.6043987~0.3305963~0.2332034~0.05219899, CustomDecal><3161.104><366.1536><-3.735092~362.8241~756.6166~409.2473~811.5767~32.54913~342.0337~60.29616~0.6495932~1~1~yellowbubbly~0.3666017~0.1391986~0.581199~0.04060032~0.7667966~0.04639966~0.6333983~0.08119931, 
AmbientSounds: SPOT><am_win-nicewnd.ogg><246.0979><501.2198><0.604399><1><83.84489><469.8698><-184.7616><-397.1319><0><0.3145984, SPOT><AM_ENV-LightWind.ogg><750.7192><516.3266><0.2054098><1><1744.196><617.4689><-94.05066><-152.2124><0><0.1927994, OMNI><AM_ENV-SubTerr.ogg><726.9599><445.3882><0.2042037><1, OMNI><AM_SUB-BlankState.ogg><737.3736><259.693><0.3028027><1, OMNI><AM_IND-ElectricHum01.ogg><785.6525><342.6697><0.2042037><1, 
FadePalette: 4, 0.6089948, 0.6089929, 0.6089922, 0.6089922, 0.6089916, 0.6089922, 0.6056067, 0.6031932, 0.6056041
WetTerrain: OFF
