CeilingDrips: 0.1507983
WaveSpeed: 0.5033768
WaveLength: 0.9744056
WaveAmplitude: 0.0009374009
SecondWaveLength: 1
SecondWaveAmplitude: 0.0001
Clouds: 0.2377969
Palette: 2038
EffectColorB: 21
Effects: LightBurn-0.185598-20-20, 
PlacedObjects: LightSource><2012.986><841.4003><1~Environment~10.67188~-223.358~-539.6211~-182.8624~1~0~None~0~0, LightBeam><2219.093><202.0129><-237.9829~658.9688~-201.1843~657.368~40~0~-259.8602~-116.3235~0.1622026~0~0~1~None~0~0, LightBeam><2035.549><469.2237><-120.5921~390.0375~-87.52893~393.7727~57.60864~-33.08279~-415.6696~-39.48593~0.1680026~0~0~1~None~0~0, LightSource><2060.246><471.1967><0.1764102~Environment~-8.537476~68.51794~-409.9578~-96.42017~1~1~None~0~0, LightSource><2238.913><199.0566><0.0778112~Environment~0~100~50~86.60254~1~1~None~0~0, SeedCob><2304.595><340.3846><0~0~7~10, DeadSeedCob><2223.885><322.8494><, DeadSeedCob><2336.733><297.1179><, CustomDecal><2964.737><239.3657><-127.5289~210.75~1018.077~209.1493~926.8328~2.134415~685.1345~-7.470337~0.318996~1~1~long tag~0.2912014~0.01740033~0.4246004~0.01740033~0.604398~0.01740033~0.3839987~0.01740033, CustomDecal><5146.455><261.7553><2.667953~303.5954~98.69531~269.4451~100.2961~-13.87347~349.8705~119.4082~0.6379925~1~1~verticalblacktag~0.8421963~0.00580033~0.4304007~0.00580033~0.4304007~0.00580033~0.4304007~0.00580033, CustomDecal><5627.151><348.3945><-0.5335999~136.0468~306.7968~215.0186~211.8173~-28.28049~387.925~42.68777~0.6379925~1~0~garbagewormtag~0.4884~0.1043993~0.6565983~0.2841969~0.372402~0~0.372402~0.2029976, CustomDecal><4704.139><548.4923><-4.268753~165.928~269.9789~176.0663~275.8485~-19.20947~533.0625~-324.9583~0.6379925~1~0~pointyarrows~0.4884~0.1043993~0.6565983~0.2841969~0.372402~0~0.372402~0.2029976, CustomDecal><2207.844><531.9469><-4.268768~245.967~518.6335~104.5646~518.1001~59.76251~368.182~-196.3622~0.6379925~1~0~purpleandwhitebubbly~0.1462037~0.1043993~0.3260027~0.2841969~0.285403~0~0.285403~0.2029976, CustomDecal><1063.708><549.6899><-1.6008~112.0349~610.9453~140.3154~619.4829~34.15005~666.9944~-263.595~0.6379925~1~0~verybigsimple~0.1462037~0.1043993~0.3260027~0.2841969~0.285403~0~0.285403~0.2029976, 
AmbientSounds: OMNI><am_sub-cavetone.ogg><506.2055><612.1572><0.3550017><1, OMNI><am_sub-blankstate.ogg><686.1402><614.3226><0.4594004><1.00217, OMNI><SO_NAT-LilDrips.ogg><858.3982><613.8926><0.3028027><1, SPOT><AM_IND-ElectricHum01.ogg><-1000><-1000><0.2042037><1><6042.846><581.3777><-49.22876><-55.6319><0><0.3087974, SPOT><AM_IND-ElectricHum01.ogg><-1000><-1000><0.2042031><1><5503.364><581.825><-49.76237><-61.50143><0><0.3029978, SPOT><AM_IND-ElectricHum01.ogg><-1000><-1000><0.2100034><1><4938.995><609.4128><-56.16553><-74.84125><0><0.3145984, SPOT><AM_IND-ElectricHum01.ogg><-1000><-1000><0.2042037><1><4130.147><547.8661><-35.35534><-35.35534><0><0.3029978, SPOT><AM_IND-ElectricHum01.ogg><852.9277><497.1689><0.2042031><1><3051.9><535.908><-35.35534><-35.35534><0><0.3029978, SPOT><AM_IND-ElectricHum01.ogg><487.4569><491.9904><0.3086017><1><1885.404><567.2786><-64.703><-71.10611><0><0.3029974, SPOT><AM_IND-ElectricHum01.ogg><761.9586><293.7821><0.3086017><1><807.3618><536.1523><-35.35534><-35.35534><0><0.3087974, OMNI><AM_IND-ElectricHum01.ogg><668.1069><511.6492><0.05340444><1, OMNI><AM_ENV-NatWind.ogg><672.2996><431.8634><0.05920543><1, OMNI><AM_ENV-LightWind.ogg><856.6503><433.499><0.1578051><1, OMNI><AM_IND-Midsex01.ogg><792.942><157.2742><0.5><1, 
FadePalette: 8, 0.1532102, 0, 0.1043993, 0, 0.05799932, 0, 0
WetTerrain: OFF
